-0.191381 0.290655 0.937493
-0.142418 0.211083 0.967037
-0.165877 0.083569 0.982599
-0.167918 -0.021499 0.985567
-0.153637 -0.099023 0.983153
-0.079170 0.217204 0.972910
-0.075090 0.153955 0.985220
-0.081210 -0.016396 0.996562
-0.072028 -0.126567 0.989340
-0.069987 -0.195926 0.978118
0.085061 0.209039 0.974201
0.107507 0.129475 0.985738
0.098324 -0.011298 0.995090
0.100369 -0.143902 0.984489
0.085069 -0.208156 0.974389
0.178916 0.324297 0.928881
0.194221 0.274314 0.941823
0.203387 0.161093 0.965755
0.216650 0.057048 0.974581
0.221748 -0.023529 0.974820