20
-0.152634 0.292719 0.943938
-0.145978 0.213754 0.965919
-0.136462 0.057729 0.988962
-0.184973 -0.052611 0.981334
-0.177362 -0.104950 0.978534
-0.088891 0.217561 0.971991
-0.081267 0.127173 0.988546
-0.080320 -0.027889 0.996379
-0.066998 -0.150593 0.986323
-0.060336 -0.209598 0.975924
0.095672 0.220402 0.970706
0.100425 0.131924 0.986160
0.103289 -0.006015 0.994633
0.100436 -0.148707 0.983768
0.097589 -0.211496 0.972495
0.187960 0.325990 0.926500
0.206978 0.253697 0.944880
0.230755 0.141438 0.962677
0.208878 0.052013 0.976557
0.217437 -0.015522 0.975951