20
-0.168161 0.289224 0.942375
-0.141002 0.205800 0.968383
-0.115801 0.075815 0.990375
-0.144915 -0.030927 0.988961
-0.131320 -0.114358 0.984722
-0.055646 0.209654 0.976191
-0.057571 0.139818 0.988502
-0.071168 -0.013449 0.997374
-0.067254 -0.124037 0.989996
-0.141003 -0.118236 0.982923
0.089857 0.211544 0.973229
0.087905 0.135942 0.986809
0.101497 0.009796 0.994788
0.089858 -0.048364 0.994780
0.087971 -0.124039 0.988370
0.184933 0.323962 0.927819
0.190770 0.250301 0.949187
0.202406 0.145587 0.968419
0.200449 0.050515 0.978401
0.212091 -0.015368 0.977129
