-0.355084 0.371703 0.780489
-0.374547 0.235979 0.825780
-0.331174 -0.578094 0.529298
-0.402624 -0.505453 0.668694
-0.396026 -0.236010 0.801578
-0.302468 0.296780 0.843628
-0.307366 -0.006323 0.885450
-0.271118 -0.653004 0.527702
-0.285949 -0.290233 0.855455
-0.282269 -0.367190 0.828308
-0.121574 0.273747 0.897566
-0.106728 -0.408019 0.839571
-0.069299 -0.742424 0.532780
-0.105553 -0.286250 0.908408
-0.103121 -0.404280 0.865511
-0.003331 0.437488 0.812365
0.014788 0.277081 0.880705
0.093369 -0.636254 0.640461
0.066188 -0.697968 0.588842
0.037907 -0.722376 0.586149
