-0.669275 0.668507 0.318516
-0.483639 0.584745 0.602736
-0.478270 -0.225541 0.551349
-0.548948 0.250678 0.766296
-0.557058 0.155077 0.784407
-0.511597 0.603254 0.609377
-0.492902 0.095573 0.728585
-0.488647 -0.401834 0.644670
-0.540033 0.147105 0.813652
-0.645923 0.123248 0.740759
-0.290712 0.606673 0.737610
-0.311491 -0.090932 0.747157
-0.281395 -0.256946 0.637478
-0.347615 0.192618 0.913754
-0.367850 0.095156 0.919550
-0.177687 0.746214 0.632438
-0.208522 0.617090 0.744934
-0.207669 -0.108419 0.917665
-0.156552 -0.557929 0.642973
-0.157865 -0.562474 0.656257
